4096
64
128
64
16
50

0.8

0
0

0.0001
0.0002

0.04
0.1
1

0.08
0.04
0.02

0.08
0.23
3.0

17000
1920
1900
4000

48
25	0
27	0
29	4
31	4
33	9
35	9
37	10
39	10
41	18
43	18
45	28
47	28
49	30
51	30
53	40
55	40
57	48
59	48
61	55
63	55
65	68
67	68
69	74
71	74
73	92
75	92
77	95
79	95
81	110
83	110
85	125
87	125
89	136
91	136
93	148
95	148
97	160
99	160
101	183
103	183
105	200
107	200
109	216
111	216
113	231
115	231
117	250
119	250
30


2
res0
res1

entryTable
replaceTable
data
meta
freeBlockList

temper
errorCal
summaryFile


